timestamp	temperature	humidity	light	motion	label
285033	28.84639742	54.29357746	2137	1	0
361235	28.15593225	59.65803936	2620	0	0
173037	26.74051144	61.38121375	2294	0	0
461904	31.67482723	62.20851285	1844	1	1
217053	28.64871446	60.19772247	2101	0	0
489113	30.2018787	63.24577473	1315	1	1
633917	28.93508619	60.59756319	1170	1	1
236842	28.25585185	64.96016939	2276	0	0
228850	28.88462985	60.42259174	2152	1	0
428260	27.99080323	59.93606158	2420	0	0
929323	32.06848777	60.9894911	1345	1	2
591107	27.65071331	56.84878902	901	1	1
151059	27.04214833	61.18826831	2222	0	0
1038007	31.44594139	69.26030313	432	1	2
1064409	28.35725322	56.5076991	713	1	2
722798	30.36135687	63.69690485	1948	0	1
720779	29.88680561	62.76493581	1625	0	1
136752	28.60222277	57.19737895	2375	0	0
867319	31.38378347	72.55111388	1024	1	2
385181	28.22629418	60.27644718	2635	0	0
703598	28.37202733	57.9805767	1726	1	1
935790	31.65230301	57.56882268	1234	1	2
433142	28.34679444	59.82515001	2361	0	0
1046367	31.75004078	61.68537496	1212	1	2
280984	27.89181467	63.5017759	2439	0	0
422962	28.03720151	58.55964444	2192	0	0
1045015	29.91321845	61.63044916	695	1	2
754747	31.13604474	72.71012763	1712	1	2
1024522	31.2326898	69.78924327	1133	1	2
140516	28.68176021	58.19311677	2281	1	0
884371	30.21378796	71.41711813	1336	1	2
484809	29.42918417	63.91149796	1113	0	1
582046	27.82557699	61.76898332	1393	1	1
797992	32.81874491	64.37015485	1030	1	2
335331	27.96157539	63.99882553	2718	0	0
800177	31.25689936	62.73733278	1590	1	2
975724	28.96019359	66.20860878	1083	1	2
763353	31.04907856	71.85392295	1286	1	2
850440	28.12023101	64.01806567	578	1	2
196242	27.00474229	59.21711684	1800	0	0
667105	29.23453539	64.97829881	1753	0	1
872815	30.79125404	79.72379518	1107	1	2
262850	28.11697023	63.37737066	2374	0	0
700861	28.0298569	63.34352005	2043	1	1
293801	28.85779511	61.47518261	2211	0	0
387135	29.16582638	57.72013698	2004	0	0
730326	28.71704852	64.19474595	1565	0	1
693856	28.88973972	63.99993944	2124	1	1
387738	28.62197306	59.67993406	2051	1	0
590355	29.90809584	61.39342127	1908	1	1
947529	28.63509514	65.39235651	1172	1	2
687883	28.3933878	61.72824652	1314	1	1
273663	27.18224675	57.82328617	2165	0	0
307151	29.40986078	53.37051049	2608	0	0
383642	28.61713964	64.87627818	2089	0	0
727710	30.61994544	71.45845415	1901	1	1
785952	32.22584522	68.71487189	573	1	2
817422	34.07954896	64.43244053	325	1	2
842699	30.23133028	59.64047072	1112	1	2
556623	29.20515795	58.0841316	1350	0	1
511776	29.75131271	57.47004785	1182	1	1
609639	31.28406019	57.32598093	1526	0	1
806731	30.26093006	63.54510722	692	1	2
677370	29.35941654	59.40369408	1261	1	1
592188	30.42321687	63.28666941	1534	1	1
123154	28.55777907	61.3888058	2513	1	0
466308	28.37745997	61.06624429	1176	0	1
305079	26.88921851	61.12087405	2172	0	0
157794	28.96789441	59.95328905	2441	0	0
625881	31.87411673	63.32856296	1725	1	1
630021	29.81402591	63.22095023	1838	1	1
820945	31.09393188	70.27391087	200	1	2
630689	29.94586719	57.8898567	1434	1	1
399459	27.68797062	60.45010113	2346	0	0
145135	28.40280375	61.41757641	2664	0	0
133380	27.738997	59.32886356	2280	0	0
468294	31.89573152	70.29390529	1252	1	1
779149	31.42508673	61.97752134	493	1	2
492353	31.35570594	59.68441935	1590	0	1
1043623	30.67976315	65.86420549	1477	0	2
120236	27.8464998	63.86211035	2984	0	0
465026	28.71015015	63.04736934	1578	1	1
296398	28.29115659	63.20433357	2166	1	0
438569	29.80740421	64.3453342	2053	0	0
519198	30.55164648	54.86369756	1706	1	1
469450	28.25603691	61.50453054	1514	1	1
342394	29.91268954	58.02831827	2227	0	0
813990	30.63390667	66.29151531	906	1	2
791812	32.05443856	73.10403251	496	1	2
1017061	29.5269559	71.59169044	1362	1	2
569634	30.05508716	57.42781835	1784	1	1
578976	29.55973597	58.16625355	1377	0	1
684678	29.39872336	65.61760851	1215	0	1
434108	27.19046851	60.84905523	2382	0	0
736759	29.31254175	58.27049297	1558	1	1
334190	30.18060674	60.30941998	2105	0	0
1077160	33.5462194	62.57590962	765	1	2
460274	29.34390828	59.0692363	1864	0	1
354173	27.27291264	61.46303834	2454	0	0
932720	31.91581525	58.77803276	670	1	2
1087871	29.44543356	67.28531925	388	1	2
1027495	31.65225639	66.60630744	869	0	2
538243	29.2296535	59.46647228	1542	0	1
431456	28.47729916	58.23655387	2388	0	0
942927	30.81829733	63.48061333	337	1	2
238161	29.37011715	65.55475319	2026	0	0
639758	28.93481004	60.21470292	1525	1	1
709806	29.75124025	66.69889221	1528	1	1
143863	29.2724974	58.48513068	2425	1	0
977013	32.69745736	61.12822626	1083	1	2
530148	29.93454492	62.43381329	1218	1	1
449832	30.89569313	63.2038739	1320	1	1
508636	29.74190596	66.06407111	923	1	1
525335	29.44102107	52.26154178	1812	1	1
1028383	31.24490253	71.66620651	963	1	2
559025	30.4743245	65.19384631	1101	0	1
534135	28.15199265	67.5856625	1574	0	1
854235	32.02813446	68.12034367	1434	1	2
1059327	30.00596382	64.09196533	606	1	2
111803	28.63814002	61.22297453	2423	0	0
1007320	32.49060601	69.60597368	968	1	2
174397	29.55089881	59.9952622	2595	0	0
143358	30.13972637	61.73911849	2726	0	0
1011706	29.72778303	64.50351175	655	1	2
1076417	30.24552639	63.98518044	648	1	2
860817	29.72977862	63.82030354	467	0	2
824334	31.10453296	69.24714496	840	1	2
248968	28.06520939	51.72954636	2542	0	0
805731	30.84129804	72.02547568	1436	1	2
812906	29.2823473	71.13286732	1532	1	2
626496	27.48415079	54.0981099	1502	1	1
695356	29.57733026	65.69732629	1845	0	1
881393	32.74429599	66.50058321	359	0	2
509587	28.77496609	58.41836101	1641	0	1
939617	30.68057378	61.81433816	874	1	2
101407	27.63449169	59.99755853	2062	1	0
739818	28.07458652	59.33943841	1416	1	1
360700	28.27582983	60.89503799	2442	0	0
656698	30.69902324	60.7493723	1375	0	1
887335	30.56282963	77.24171881	224	1	2
1031850	31.57711111	70.33232688	455	1	2
369466	28.6572793	59.35435734	2284	0	0
998921	31.53243759	72.96898383	1069	1	2
178508	27.52232568	61.58717944	2584	0	0
458951	29.46095939	65.60491036	1642	1	1
613281	29.18419757	61.79178541	1422	0	1
745127	28.45756531	59.95186996	1055	0	1
338626	28.6149912	54.46153006	2368	0	0
615390	30.99291472	66.37520214	1742	1	1
102068	28.44066118	54.14370933	2178	0	0
737360	29.91588629	62.75426771	1535	0	1
267854	28.79950543	62.37669216	2404	0	0
324640	27.57118028	55.27169911	2591	0	0
948705	30.40054929	62.43014465	1242	1	2
916171	30.10099614	70.06881985	1646	1	2
1039917	28.9897266	62.32323523	1449	1	2
691157	30.75813132	61.49771286	1558	1	1
873626	32.02585023	69.14895432	912	1	2
477836	31.38599382	57.00440918	1496	0	1
378587	28.08046226	61.03163661	2333	0	0
584814	31.09113361	65.29708571	1413	1	1
1049230	31.4863573	60.36556024	200	1	2
839112	29.4014326	65.57330876	1386	1	2
405916	28.24058288	59.81127041	2257	0	0
580792	29.98795396	64.64246006	1348	1	1
211682	27.43183809	62.17136644	2374	0	0
884910	31.88349056	61.36778657	1445	1	2
781586	33.38656997	69.64608215	936	1	2
441639	27.40322913	57.82912215	2284	0	0
235007	28.6386807	55.43835807	2183	0	0
858283	31.13834414	60.69318143	838	1	2
532665	29.62452846	61.68027597	1614	1	1
755656	31.03883301	69.92270817	999	1	2
1082965	31.34315429	60.97321727	1114	1	2
411546	28.56001531	57.98328368	1970	0	0
707685	30.77304666	62.76626436	1828	1	1
862709	33.65312945	61.81775377	860	1	2
841343	28.87710836	64.40562886	688	1	2
257409	29.66369758	58.27801114	2456	0	0
373385	29.45818094	58.4492076	2170	0	0
137419	29.08905158	62.53403401	2281	0	0
552088	29.13612087	60.63009192	1369	0	1
523055	31.53466932	58.40550658	1393	0	1
164314	27.81311494	60.99452231	2340	0	0
317283	29.47375019	57.9155551	2041	1	0
510798	30.25491648	65.26272514	1354	1	1
368690	27.32804868	60.98941207	2245	0	0
713289	30.06306136	66.63993846	1527	1	1
564209	30.43563378	66.11834729	1690	1	1
409333	28.52152784	56.55041142	2382	0	0
308216	29.43795268	61.6987562	2334	0	0
753105	29.78001959	62.81783839	200	1	2
472766	29.44032232	55.22432763	1362	1	1
517841	29.97657907	66.9923279	1780	0	1
844132	31.56094681	65.5285101	896	0	2
1067505	31.04592452	67.72451963	916	1	2
658035	29.97102395	70.16111631	1827	0	1
253653	27.99330453	57.04831331	2252	0	0
661531	29.59087277	61.70416795	1880	1	1
127066	27.29333772	66.07500622	2461	0	0
229609	27.83279361	61.31715572	2037	0	0
484250	30.2951362	64.4936316	1248	1	1
333361	28.61851075	64.54353471	2415	1	0
769941	31.71223947	59.27698325	996	1	2
640545	28.46524096	64.91835987	1642	0	1
765472	30.95402347	69.07054543	1560	1	2
289622	29.24670568	59.88927537	2356	0	0
617840	29.47377517	63.15192385	1906	0	1
861479	34.40397404	63.74126167	996	1	2
604626	32.5231062	61.48174019	2072	1	1
1021776	29.50377541	58.31381667	490	1	2
830034	31.86339468	65.26856089	749	1	2
207105	27.8692594	61.02464672	2311	0	0
734534	28.60986887	52.82722641	1529	0	1
705013	29.89477269	63.59269622	1722	0	1
305739	27.97323181	63.75581433	2564	0	0
370932	29.40501879	63.23363897	2231	0	0
811310	32.51900345	61.95240045	592	1	2
259977	28.63280202	61.41520459	2678	0	0
1009670	32.94920474	64.84521799	957	1	2
483027	29.95623252	66.79419396	1851	1	1
313939	29.08995854	60.87560319	2141	0	0
1049821	30.24940869	63.48355391	1466	1	2
979949	30.17096693	61.25605688	885	1	2
908222	30.43950055	68.23392833	1792	1	2
886365	32.43224008	54.07662294	743	1	2
180907	29.18092849	59.0572395	2298	1	0
977601	31.69700848	71.18059103	1693	1	2
664039	27.2130423	57.23692658	1274	0	1
408151	29.39562897	61.65720379	2304	0	0
646686	31.00480586	63.91855063	1447	1	1
297690	28.48989996	63.05728148	2201	1	0
774275	32.06318301	68.53303852	537	1	2
252605	28.86261984	60.90379766	2401	0	0
548296	30.45918588	60.78688007	1614	0	1
507659	32.23740632	61.48124837	1149	1	1
298857	28.63058874	61.12337581	1973	0	0
124625	28.88819003	57.92561413	2100	0	0
528828	27.91173292	54.08414091	1506	0	1
259283	28.87532948	56.37476508	2065	0	0
152530	28.58634998	58.89675169	2517	0	0
1015881	29.77177213	66.72088134	1769	1	2
669614	30.23101994	59.49363891	1407	1	1
991373	32.27573586	68.47782434	1552	1	2
402881	28.07159311	59.75534602	2266	0	0
397201	27.54664449	64.33670631	2347	1	0
261454	28.29089476	54.25627317	2254	0	0
316738	29.3879038	56.62704997	2111	0	0
420353	28.90707672	58.26157484	2232	0	0
568361	31.2703462	63.77511832	1558	0	1
348332	29.93813844	60.89917826	2201	0	0
576380	30.80913414	66.09517944	2048	0	1
619225	27.24694254	63.65382459	1926	1	1
206110	28.5459716	64.97720326	2408	0	0
542078	29.58819476	63.13585485	1830	1	1
325490	28.03469051	55.91265154	2518	0	0
898816	31.31851714	59.54165786	1242	1	2
938458	31.43913853	61.23723584	738	1	2
681841	30.26993005	62.28562562	2006	1	1
250437	29.25888038	63.67980336	2098	0	0
212195	27.99321523	59.11540786	2354	0	0
660630	27.48337798	56.57480097	1740	1	1
612039	28.96713976	59.83020816	1624	0	1
1008890	31.34841477	72.12346456	1515	1	2
605453	29.44558915	54.86140446	1150	1	1
913026	33.82602957	67.14090975	723	1	2
731582	29.36338112	65.7785338	1838	1	1
692384	30.69695628	60.42452289	2062	0	1
155246	27.76876014	63.13715668	2143	0	0
457996	30.19770489	60.09038176	1190	1	1
775935	31.73608012	69.73224687	326	1	2
160537	27.44118498	56.55855304	2483	1	0
273091	28.38021897	58.91380064	2424	0	0
946816	32.60170052	73.69697384	1096	1	2
727000	30.30063242	59.63919884	1649	1	1
1030911	32.0263246	57.06057519	449	1	2
573290	28.90275933	57.19306004	2160	1	1
352872	28.64049743	61.64531594	2199	0	0
445680	29.30340213	55.12423879	1793	0	1
851631	33.875407	64.88277825	838	1	2
716953	29.31038792	64.01521716	1277	1	1
1075183	33.19537386	61.77376015	1495	1	2
450916	29.85846439	62.81911347	1619	1	1
973095	30.77939723	65.94535555	965	1	2
331083	27.75031146	55.37240196	2436	0	0
772681	31.2683603	63.25981056	992	1	2
811877	29.67488425	60.55876402	1188	1	2
610815	29.35687447	61.60990066	1549	0	1
179248	26.43908639	56.31706764	2234	0	0
365129	28.98245099	62.68086463	2475	0	0
366608	28.59182332	62.0428124	2212	0	0
983391	32.36697295	64.29989313	1015	1	2
1081514	31.0372456	65.18308753	493	0	2
889394	32.29331075	65.1056656	1509	1	2
328136	28.78547298	55.89863631	2463	0	0
1062414	30.41522647	67.19018882	464	1	2
964369	30.3862786	55.10265514	1283	1	2
241993	27.88145546	57.58632721	2342	0	0
467740	28.07179746	71.2331851	941	1	1
415778	29.42641889	63.2606243	2614	0	0
814592	29.01003671	61.45724218	428	1	2
670774	29.2476729	65.07025887	1448	1	1
372554	29.77666229	57.31682011	2631	0	0
416843	29.07369551	65.58419134	2324	1	0
1073788	30.77162676	58.44761869	1245	1	2
1032866	31.24018412	59.44750335	700	1	2
793046	31.60237336	59.76710773	1356	1	2
659335	28.23164567	60.19181965	1901	1	1
429114	27.664776	67.64702828	2477	1	0
287612	28.83656465	59.76241987	2385	1	0
944676	33.20549201	64.90656513	460	1	2
778459	31.05282217	63.13890984	515	1	2
974560	32.76369177	60.36867618	620	1	2
981367	31.45472324	74.30806232	1128	1	2
749641	30.71210773	69.91315963	723	1	2
715057	27.89668202	61.52432842	1585	1	1
634638	29.12375952	56.86432632	1146	1	1
355916	27.13605768	56.38505934	2153	0	0
543422	30.20706083	54.77961835	1675	1	1
505747	28.49770974	63.17011698	1688	0	1
203515	28.69208805	60.39084719	2156	0	0
147812	28.42904712	61.24955541	2324	0	0
531404	28.18829986	70.16957482	1181	1	1
953365	32.64286161	63.76101602	1018	1	2
683891	28.82602209	66.63582159	1617	0	1
487189	28.71998251	70.48066609	1834	1	1
514121	29.17772396	58.81701113	1482	1	1
874774	32.1633842	58.11698015	1226	0	2
255050	29.03162995	62.87500218	2344	0	0
972251	31.59959111	57.57901992	1406	1	2
114281	29.02812425	56.87266602	2552	0	0
161918	28.45475968	60.84801645	2488	0	0
801343	28.8759096	67.03874105	786	0	2
959451	31.59290924	63.54879291	1291	0	2
377032	28.39707944	57.0386844	2416	0	0
585417	30.17009287	63.71451765	2110	0	1
1084009	28.98178682	60.89910868	1144	1	2
410113	28.21693941	58.6794261	2318	0	0
758200	32.95168553	63.60196221	548	1	2
645299	29.61183155	62.96404121	1398	1	1
796943	29.90740848	60.59720292	664	1	2
945578	31.79046621	60.66536477	720	1	2
853047	30.45631635	52.28630155	1178	1	2
239643	28.44820001	59.0309347	2301	0	0
699732	31.05791579	54.23366469	1698	1	1
1048169	33.47898655	69.52851708	1185	1	2
980660	28.70526623	61.3045532	1399	0	2
338103	29.17953612	59.97462754	2198	0	0
748828	30.494451	63.86119674	931	1	2
550643	29.12315529	62.36978389	1469	1	1
775195	31.68614832	59.79047135	254	1	2
112580	28.87417095	57.54332301	2427	0	0
1008029	30.74726858	69.89300571	1402	1	2
901486	31.45068846	67.78078921	1435	1	2
244389	28.0963767	61.42220667	2670	0	0
425078	27.93776454	58.97256648	1800	0	0
204941	28.30545991	63.96578135	1967	0	0
936356	29.10987462	59.9038341	1223	1	2
423976	28.43135027	67.63192236	2387	0	0
772066	30.37340766	60.74366006	1181	1	2
561158	29.67379674	58.98924655	1938	0	1
183350	29.0909447	57.89912102	2369	0	0
689393	29.0867406	64.6104265	1971	0	1
496028	29.44302623	53.88830859	1568	1	1
911835	32.09884867	55.41623727	910	0	2
767482	32.3209253	68.32128583	1795	1	2
454901	29.73391356	60.4958097	2119	0	1
426994	29.54842642	63.44022826	2606	0	0
270882	29.65177786	58.95889713	1890	0	0
931673	30.83408502	59.86133643	1021	1	2
367247	27.56789362	54.05418108	2511	1	0
902096	31.43962348	59.57446957	434	0	2
177184	27.85619432	52.30085489	2288	0	0
320000	29.21141818	62.1113767	1866	1	0
570522	29.47371643	57.95718799	1392	1	1
354869	28.77990405	62.04821676	2185	1	0
891793	29.70598149	64.05397898	1075	1	2
849120	29.57758252	70.1299837	939	1	2
322007	29.04411226	59.42129437	1961	0	0
890890	30.04030909	61.95287005	1169	1	2
1054105	31.40434804	63.21597271	879	1	2
1069469	31.0216103	61.67704106	391	1	2
377591	29.30146154	59.95306083	2640	0	0
209228	27.26625594	56.00090589	2461	0	0
503872	29.72860879	63.6474144	1351	1	1
815671	31.37504023	59.44576849	1120	0	2
242680	28.47413616	61.09015016	2122	0	0
480875	27.73246168	62.79677965	1790	0	1
129392	28.20859523	57.89367049	2178	0	0
559532	31.00625617	61.60938997	1536	0	1
292616	29.10220875	57.94143603	2113	0	0
801957	32.67782152	63.96251168	1171	1	2
414922	28.28251881	59.43683966	2665	0	0
263957	27.86622132	58.11425237	2354	0	0
346891	26.67355672	59.98453149	2340	0	0
668393	28.47806483	60.91183471	2058	1	1
1034080	33.27870238	66.08760479	1062	1	2
916884	28.30954345	54.75872195	994	1	2
412292	29.25119498	61.00066039	2071	0	0
978894	32.2405148	63.58307219	677	1	2
367892	28.9513565	64.37467047	2408	0	0
1010807	31.42307	65.27286686	1138	1	2
897572	28.5694083	61.87107058	1284	0	2
653744	29.93082363	64.8973197	1692	0	1
566492	30.05490995	64.08602558	1881	0	1
500468	29.23214395	52.67809494	1965	1	1
838192	30.15321087	61.28907524	888	1	2
632428	30.22149471	63.31031474	1054	0	1
1056028	32.28987986	68.33749583	815	0	2
228277	26.45163844	58.3544789	2287	0	0
419293	28.12770366	60.54278204	2235	0	0
149578	27.36871919	54.99273347	2283	0	0
896372	31.10657762	70.30205903	1394	1	2
226499	28.90345738	56.79272158	1832	0	0
191720	28.34294428	56.56567522	2343	0	0
679014	30.18539065	60.81016169	1987	1	1
725709	27.25136313	60.72685328	1958	1	1
1079264	31.11341532	58.61815607	628	1	2
270162	30.03938101	55.48307603	2303	1	0
462905	30.3710978	69.78069032	1680	1	1
336029	28.92256681	62.92297708	1808	0	0
810410	32.14677923	65.6165964	736	1	2
786794	30.31169742	69.97243056	1370	0	2
909052	29.62049558	69.11553752	361	0	2
995378	30.95560709	62.69344439	950	1	2
685255	28.45283016	58.41374738	1619	0	1
520314	31.11876118	58.25375021	1564	0	1
332072	29.64246515	59.47935175	2527	0	0
879218	30.60721493	66.32531359	796	1	2
651442	30.99606603	63.62356931	1610	1	1
1001468	33.1953461	61.32226151	1314	1	2
516844	28.10931848	59.95208288	1260	0	1
142603	29.00240543	63.30058981	2435	0	0
686002	29.45123892	61.20341557	2106	0	1
875371	31.77880794	63.44414915	1223	1	2
169300	28.06390173	69.44257465	2425	0	0
539548	29.63914551	62.59696912	1766	1	1
787877	32.41567389	60.43091835	712	0	2
878136	29.31848693	70.25086015	1707	1	2
865064	30.01010785	59.15476186	734	1	2
395943	27.6374501	59.75787059	2434	0	0
930473	30.13952102	59.65817972	893	1	2
745770	28.87982015	55.67930737	1974	1	1
278841	28.58480177	59.37063166	1884	1	0
832456	32.27089222	64.63215572	2000	1	2
502626	28.62964051	61.36488428	1346	1	1
104237	27.77741901	58.79956567	2229	0	0
1002906	29.7812571	61.75485732	797	0	2
202192	29.07060074	63.06312837	2340	0	0
276469	28.67430702	58.42215699	2324	0	0
210210	27.18656	61.06733443	2329	0	0
711061	27.20730747	62.74409735	1840	0	1
363293	28.38141845	63.67113619	2111	0	0
777699	31.99231741	71.18425707	469	1	2
747493	31.99868211	76.31432879	1543	1	2
398025	28.21161073	59.9086858	2092	0	0
312818	29.05673326	58.20270788	2426	0	0
742970	29.44865082	70.96876516	1443	1	1
664767	28.0232272	62.67423989	1438	0	1
831788	30.19988978	64.00784754	1359	1	2
837037	32.45044372	66.23196537	1598	1	2
674070	28.1859511	63.92734778	1738	0	1
274209	28.75858108	59.50056321	2374	0	0
300069	30.21850631	59.97472087	1800	0	0
547364	30.68777088	60.54135758	1391	0	1
794456	30.71523069	66.87004765	1346	1	2
642013	30.61766531	56.52507844	2035	0	1
764311	32.71399294	66.21585363	1167	1	2
1025565	31.77064785	64.83691916	818	1	2
222482	29.89567442	62.12952771	2209	0	0
105503	29.0333039	60.00666584	2695	0	0
981994	31.47319338	71.18482317	294	1	2
892720	30.54296898	77.483803	1098	1	2
233655	27.79414789	61.92269781	2442	1	0
894925	31.01186986	61.36780252	741	1	2
758728	30.77362487	63.08386515	1156	1	2
905740	30.25196888	73.1008741	232	1	2
693236	30.67007204	58.43023474	1409	1	1
299428	28.44523585	64.8684449	2233	1	0
225745	28.97693684	59.66075922	1940	0	0
563130	29.69152811	71.10463527	1643	0	1
975078	32.1365156	62.73863299	911	1	2
231286	29.09180977	57.79480616	2441	0	0
960600	29.43156333	65.05632775	721	1	2
933773	31.91764509	67.00168846	737	1	2
494855	27.56650666	73.07283555	1916	1	1
825457	30.31677445	62.96223725	839	1	2
233059	29.52747463	59.28488021	2442	1	0
1057365	30.21264514	60.47363575	709	1	2
1052868	31.76121547	65.97658783	1035	1	2
382775	28.0358175	57.98202523	2381	0	0
723531	31.42251434	66.28738785	1509	1	1
621580	30.14815849	62.99446078	1450	1	1
564932	29.06869891	60.58529886	1013	1	1
804263	30.32690043	66.8984435	888	1	2
327349	30.77019509	60.65269376	2141	0	0
652352	30.43117521	60.13280245	1388	0	1
1055461	32.20153497	67.29215433	797	1	2
735496	31.08324197	56.55330694	1733	1	1
583472	28.4949631	65.54046218	1199	1	1
1041325	32.11613951	69.44713074	812	1	2
326045	29.68294298	59.30440404	2536	0	0
448741	30.53854537	61.70395741	1410	0	1
132741	28.5561082	60.18954307	2000	0	0
708647	30.03498561	66.10993854	1481	0	1
883519	32.72313065	67.21283239	286	1	2
809597	29.68145715	66.02359656	850	1	2
281979	27.2578642	57.40033488	2454	1	0
1004410	27.98121295	69.76263759	1545	1	2
985704	30.82192564	56.33336277	1692	1	2
1072322	30.375985	59.20774212	1048	1	2
732896	29.73320682	60.73594168	1265	0	1
1020383	31.42756092	56.12725607	690	0	2
440493	28.3452723	59.69588617	2327	0	0
266523	28.41441409	64.34409928	2373	0	0
628701	30.24297167	62.1432544	1872	0	1
740813	30.19271206	63.54261675	2265	0	1
184753	28.97479126	55.40980745	2146	0	0
1023412	31.05373862	55.08884367	1295	1	2
835064	28.11186294	61.34342522	1507	1	2
535342	27.67790665	64.54913715	1673	1	1
1035370	34.04712103	68.77302587	1068	1	2
937141	30.24343214	57.7357347	1257	1	2
1047557	33.08998899	57.30009093	1031	1	2
620481	30.23101486	59.58939468	2050	1	1
286409	29.17667247	60.20288673	2145	0	0
638480	28.95186237	61.89599946	1845	1	1
624114	30.28654046	64.29480689	1343	0	1
934653	29.25427764	63.71081613	673	1	2
788401	29.34821675	47.26276855	2000	1	2
822909	30.83140707	74.82261495	1014	1	2
230518	28.29154201	60.27409617	2444	1	0
870713	32.16580484	67.78309493	606	1	2
948056	30.58010333	66.80962188	748	1	2
909804	29.36323173	70.81028208	1103	1	2
616434	29.32326493	61.87848498	1882	1	1
163794	29.04852814	59.59795947	2164	0	0
401603	27.50289393	63.76442658	2426	0	0
213319	27.6108272	60.12997196	2151	0	0
719830	30.79840103	58.23755409	1255	1	1
186790	28.32252768	55.99578606	1933	0	0
430459	28.2930352	60.31064891	2222	0	0
827512	31.20178905	57.29676961	594	1	2
159113	28.14930886	56.61039098	2426	0	0
290556	28.64258156	62.659494	2288	0	0
391673	28.82147753	67.32350079	2169	0	0
903112	31.78311735	63.15474061	1001	1	2
470457	30.20770117	59.94952064	1886	1	1
389174	29.32042981	58.9815008	2284	0	0
439446	28.91747245	58.00739908	2518	0	0
828254	31.36709787	65.48211267	1238	1	2
485312	32.28802989	59.29631057	1068	0	1
405004	27.16706407	60.72175724	2656	1	0
733870	28.95851854	64.81598457	1743	0	1
859734	31.89993196	67.92338054	1321	1	2
584280	29.65577126	66.67772906	1727	1	1
199367	26.93586047	60.00517047	2367	0	0
1068847	30.79686006	62.68961437	1033	1	2
504464	28.91908162	59.72293361	1466	1	1
894373	32.74403216	63.94699416	423	1	2
1050731	33.24578747	61.56685878	916	1	2
138628	29.86315122	62.84775357	2281	0	0
314959	28.11656091	60.57679119	1800	0	0
599961	30.58606063	62.75363029	1777	1	1
544004	30.51181956	53.77115549	1728	1	1
432066	29.91492852	58.01777163	2352	0	0
340118	28.06070238	59.7013002	2372	1	0
856559	30.09541266	65.64870241	1266	1	2
869917	30.6886355	62.69093019	961	1	2
840034	29.69035464	72.26371316	909	1	2
453526	29.55556203	61.31424657	2163	1	1
688845	29.57173352	54.53432585	1527	1	1
574303	29.95166539	62.08791774	1530	1	1
303113	27.92809384	60.43287009	2730	0	0
461021	30.12949813	59.33632309	1916	1	1
351929	29.15033219	59.66526572	2287	0	0
845866	31.87450422	67.89166183	1333	1	2
1078121	31.03290762	68.14067358	721	1	2
297046	28.84401926	57.86182027	2081	0	0
146537	28.89726255	61.57137492	2450	0	0
170760	28.34008291	59.55756461	2315	0	0
596347	28.90648885	57.984426	1179	1	1
1012485	30.722636	71.41005469	1620	1	2
451692	28.39646696	61.82579309	1617	0	1
343262	29.38659918	63.3541393	2343	0	0
436398	27.6943785	57.80282563	2436	0	0
944090	30.50896093	61.53592628	958	0	2
1079870	29.39899268	64.61664653	1469	1	2
683217	30.57695023	65.23656845	1917	0	1
910756	30.47515345	66.01590765	596	1	2
911314	32.41019985	67.58576807	794	1	2
498578	29.5219727	64.29514458	1541	0	1
285776	28.87808643	59.45015711	2359	0	0
826894	32.50220067	79.29555583	1239	0	2
996363	31.75298191	61.3502617	200	1	2
475649	29.82345494	67.67383598	1918	0	1
108660	28.19056237	59.75896325	2415	0	0
288304	29.01678697	62.04190251	2628	1	0
161344	27.53392911	53.68010931	2615	1	0
919587	29.06424428	62.92624072	1075	1	2
783691	29.39218544	74.27015676	470	1	2
724617	30.13726433	60.18392633	1168	1	1
291483	30.01337449	58.93327681	2451	0	0
310941	27.39451543	52.96605592	2255	0	0
300977	27.69671087	57.59971578	2479	0	0
448231	30.12683118	65.96145108	1470	0	1
869147	30.17139791	63.67239531	1071	1	2
914173	31.179012	60.58568819	1770	1	2
131725	28.35647678	61.51387509	2425	0	0
279699	29.16320329	60.80593205	2843	0	0
389985	27.92063173	58.11042871	2367	0	0
952491	29.54511823	62.41681774	1469	1	2
221291	28.5202333	59.20927403	2356	0	0
697548	30.4268892	61.9117804	1179	1	1
587526	29.05498039	62.69782126	1626	0	1
889994	30.66199706	53.03340317	895	0	2
329108	27.6640702	61.93484309	2215	0	0
816604	30.55336658	64.59071169	1330	1	2
344673	30.07020713	58.45911331	2286	1	0
677889	30.03907201	55.65721894	2128	0	1
237543	27.89322728	59.87950897	2269	0	0
1015059	29.81460567	64.42664639	829	1	2
791029	30.80306998	59.97702649	951	0	2
1019663	30.25341242	70.40035232	1696	1	2
676002	30.60362821	65.37235278	1728	1	1
122561	28.08550355	55.37236514	2352	0	0
275322	28.94583122	57.82503684	2097	0	0
265339	27.80602571	58.62096225	2592	0	0
214763	29.5801884	63.14397251	2210	0	0
1013796	31.70786129	75.46476271	681	1	2
420974	29.75702393	64.66879471	2545	0	0
243185	27.29309781	60.42614013	2073	1	0
487861	28.16302684	60.06451461	1052	1	1
928709	32.68868399	61.10189875	918	1	2
970246	30.95869217	64.58320728	1320	1	2
540630	29.28867571	54.05803411	1889	1	1
647865	30.61920595	63.23856563	1281	1	1
844962	31.89157586	67.21316413	537	1	2
224835	28.59271362	61.67429172	2453	0	0
553509	28.58718611	57.37158461	1454	0	1
110303	28.57938886	61.62536833	2232	0	0
1042295	30.38472075	66.91199715	1217	1	2
701750	29.14245562	60.25244099	1311	1	1
319208	29.65224537	59.43983914	2542	0	0
167878	28.70422145	61.76534701	2352	0	0
779756	31.92280645	63.89423506	1534	1	2
696605	28.45163939	62.09179627	1691	0	1
789156	29.87021603	63.24951503	200	1	2
577098	29.50981652	69.11841711	1796	1	1
130077	28.49139593	60.84242829	2215	0	0
954191	32.22613926	74.47795487	863	1	2
941503	29.34524758	66.12007809	1138	1	2
751695	30.42502057	66.14149624	717	1	2
1003800	31.50470798	66.75838853	584	1	2
200044	29.11774116	55.62682618	2434	0	0
721313	28.89577817	62.36265924	1397	1	1
1074473	33.14887692	61.29080665	999	1	2
283125	27.61802948	55.00648252	2377	0	0
756754	30.7672043	65.46461416	988	1	2
951386	29.58715855	66.76793657	873	1	2
987187	31.29550625	67.62067626	1607	1	2
474172	30.83930034	53.6685325	1858	0	1
176217	27.61299998	59.35515309	2395	0	0
1026401	32.12279555	66.02706065	1234	1	2
343779	27.9643473	62.02898655	2174	0	0
521841	27.70829487	66.75737292	1672	0	1
619812	27.59496802	63.58568542	1953	1	1
130986	28.86903267	61.18800249	2772	0	0
957218	30.12667023	64.88449972	1292	1	2
437344	28.73110023	66.39102787	2186	1	0
100000	27.17847334	63.01780456	2353	0	0
922646	29.34022044	65.30234076	851	1	2
245782	28.01648269	63.20070288	2649	0	0
565959	28.69086662	60.03204158	1552	1	1
602088	28.63419725	59.07767127	1880	0	1
442986	28.53966346	56.96601919	2303	0	0
400608	28.81931983	67.65468763	2430	0	0
622958	30.11034215	67.57565193	1324	1	1
899371	31.0040183	74.71230073	1310	1	2
674752	27.48167297	68.23860454	1417	1	1
1051693	32.89726127	70.73360449	703	1	2
940557	30.60502091	66.76443085	1387	1	2
341539	27.49353186	57.94643095	2228	0	0
798759	29.89016343	65.02274906	654	1	2
407359	29.00074706	62.38960988	2155	1	0
993409	30.3441197	59.5492829	963	0	2
153774	30.52481518	56.56473557	2201	0	0
757618	31.01463186	66.22587704	1222	1	2
649992	30.01490716	66.05400787	1884	1	1
197245	28.39699562	54.25116393	2180	0	0
997657	31.03615978	65.46921962	1071	1	2
988071	29.48384643	59.9977031	803	1	2
426090	29.17558156	67.24745708	2602	0	0
194967	28.21307923	61.77653338	2524	0	0
600655	29.74304925	61.82534539	1624	1	1
117709	29.41436951	60.9772723	2459	0	0
955129	32.56229327	62.46130591	1088	1	2
781037	31.06143458	83.43190901	792	1	2
718043	28.75119305	56.71917332	1778	1	1
107165	28.06158182	59.89148297	2797	0	0
1060528	31.47044817	69.20634731	1238	0	2
562088	28.77070337	59.37687938	1314	0	1
362444	28.79712699	58.59880227	2366	1	0
546345	30.71268195	65.53668204	2004	0	1
527726	29.1554781	58.60847896	2213	1	1
715970	30.27217896	64.76514303	1484	1	1
624719	30.16546287	63.82214123	1440	1	1
180114	28.77892705	58.82964668	2467	0	0
535944	28.66769318	63.83408005	1999	1	1
272277	27.62268032	66.77876763	2188	0	0
1000172	30.64923055	63.68992115	474	1	2
482059	30.64410207	61.70333584	1563	1	1
392988	28.90652888	63.59450199	2049	0	0
808671	32.08597159	63.34115708	758	0	2
121885	27.1978074	57.28704156	2124	0	0
258481	28.4801568	60.37327393	1926	0	0
826158	32.23736105	70.06729439	1071	1	2
1006449	30.63447162	63.17315476	1132	1	2
455642	29.86506073	57.89488825	1909	0	1
336890	30.5149629	59.73942757	2242	0	0
968383	29.07193732	63.40223402	643	0	2
631704	28.96316571	58.65751764	1452	1	1
802724	30.0927388	59.55842964	976	1	2
452595	29.99245548	59.63645657	1575	1	1
949354	32.15914301	65.66272443	1232	1	2
579737	27.83083575	60.62620966	1153	1	1
524520	29.49152956	59.70858715	1787	0	1
784522	32.3663879	58.70324169	845	1	2
194374	29.1499441	62.26611766	2350	0	0
577782	29.78330971	60.47027229	1528	0	1
607184	29.89051774	67.38349415	907	0	1
666162	30.08174532	62.94305909	1973	0	1
526397	28.70887987	61.5982643	1754	0	1
855245	31.97875473	61.0309947	1461	1	2
1088864	30.42671538	61.13742182	366	1	2
866002	29.98343183	59.51530496	540	1	2
246826	29.16325779	55.03697009	2114	0	0
353634	29.10652407	59.84721807	1970	0	0
501289	29.39133243	59.99213883	1837	1	1
351221	29.52430012	67.12718507	2243	0	0
121237	27.75274712	60.45387924	2132	0	0
103487	28.30454236	58.4320986	2385	0	0
471943	28.98962748	61.75405952	1931	1	1
820055	29.99295746	70.23555101	966	1	2
950059	32.42237538	60.14193868	1292	1	2
567609	30.0502123	62.41735058	1497	0	1
395380	28.02364443	56.44382023	2275	0	0
248035	27.97302385	61.04617637	2219	0	0
208576	27.31360858	60.26638825	2437	0	0
961764	30.06373758	61.5368457	1543	1	2
872201	33.57030345	68.16305876	923	1	2
847074	30.39731069	65.96295513	623	1	2
499224	29.28302464	60.95560116	1570	1	1
422063	28.68335396	57.07949791	2515	0	0
109748	28.35127336	60.56986382	2665	0	0
608154	26.97699033	66.77763933	1943	0	1
117159	28.87071732	56.565715	2576	0	0
776798	32.22004564	71.70463821	757	0	2
497281	30.76767128	68.32550122	1900	0	1
125679	29.51025868	62.47659174	2098	1	0
848346	30.42341405	60.90149939	1045	1	2
545028	29.89360693	61.5030959	1752	0	1
1070200	32.07779131	64.85926137	1173	1	2
984666	31.22592019	62.63597966	481	0	2
240980	29.18878934	58.76290652	2328	1	0
648588	30.87460777	55.37211991	2018	0	1
636759	28.09428952	67.15636891	1503	1	1
384346	29.07641109	60.39360717	2303	0	0
477133	28.301885	62.97328651	1708	1	1
963068	30.02136675	65.83408293	1568	1	2
476498	30.04022889	63.94156381	1490	0	1
635580	29.53857983	61.37003388	1592	1	1
900081	30.29119016	69.80440752	1065	1	2
667794	30.31787097	56.68665323	1645	0	1
750349	32.85221214	62.6929363	792	1	2
602727	29.29854201	68.44248002	1547	1	1
284442	28.37890089	57.13674623	1872	0	0
732296	28.77573159	66.5840265	2071	1	1
761973	29.89358659	56.40337253	652	1	2
918184	32.28879836	68.45569796	800	1	2
864118	31.58429478	71.78107924	1258	1	2
513050	29.833044	54.87891016	1331	1	1
412858	27.4852761	56.34535741	2490	0	0
277969	28.91894322	58.7190073	2305	1	0
790238	31.65092876	68.97941252	801	1	2
893420	31.10410211	59.4713551	1013	1	2
456625	30.23593133	63.74657709	1739	1	1
829392	29.4962744	60.59713906	1038	1	2
1066168	30.64319551	63.96572171	327	1	2
990376	30.64498657	68.89939907	1034	1	2
134722	28.50745346	62.22830366	2083	0	0
690315	30.27562401	63.06223922	1776	0	1
713943	28.1720587	65.4191714	2045	1	1
364521	30.19994556	53.91223916	2326	0	0
857704	31.72892074	65.3212546	1197	1	2
357133	26.92165867	55.93702434	2134	0	0
302255	27.64940214	58.75486001	2325	0	0
643231	29.36528224	60.99195124	1736	1	1
329776	29.75518227	63.3375077	2482	1	0
597340	29.02509704	60.70230083	1519	1	1
175417	28.67971783	55.08996023	2115	0	0
854745	29.67786507	67.41889743	1962	1	2
304481	28.8962033	57.68334386	2141	0	0
967264	32.604502	72.2386756	266	1	2
128159	29.56843534	58.07957588	2660	0	0
201366	28.20201369	59.83622991	2578	0	0
1085200	31.88798572	73.02803058	692	1	2
1058638	31.13330121	71.53691935	1409	1	2
381887	28.34857276	61.62343451	2487	1	0
586556	29.92867943	63.1031568	1884	1	1
435393	28.47766276	59.39233341	2405	0	0
358168	29.17870985	61.85551311	2544	0	0
760840	33.64519232	60.88939882	1093	0	2
168747	27.94064848	56.3307335	2700	0	0
339606	30.09332444	60.84559724	2437	0	0
982830	30.92283043	71.65108243	200	1	2
231919	28.54811464	60.00620622	2298	0	0
875910	33.23222373	75.38255523	1402	1	2
649190	29.95658245	64.47996178	1418	0	1
719312	29.71083783	64.48404597	1625	1	1
505037	29.29482993	60.15979495	1707	0	1
478699	28.45201991	62.91015042	1485	0	1
193013	28.40480152	59.79025956	2146	0	0
746552	29.06913301	56.12238494	990	1	2
965282	32.03144818	68.44363771	917	1	2
606194	29.79121875	62.05050078	1103	1	1
760095	31.96251127	55.99066727	1564	1	2
197816	29.04446395	52.19668474	2053	0	0
753878	30.27126545	62.1353039	1419	1	2
1071537	31.46073648	68.19040558	645	1	2
589505	29.91744811	67.37964969	1451	0	1
380611	28.82133475	57.92640167	2088	0	0
139991	27.34599743	60.96446983	2339	0	0
227030	28.04275801	59.75725577	2253	0	0
346131	28.69239347	63.27428446	2524	0	0
113641	28.60590785	66.36163913	2341	0	0
324014	28.12053478	60.72882195	2024	0	0
106271	28.07922757	56.68307346	2281	0	0
215929	28.03668679	57.51475724	2460	0	0
575149	31.4284443	62.15800293	1360	0	1
1061872	29.16627766	64.02028616	1165	1	2
506520	28.11387118	64.13852524	1403	1	1
807676	32.55101172	65.94460953	1533	1	2
662879	27.66399869	54.01749676	1689	0	1
592738	29.24238723	62.22127786	1501	0	1
268909	28.08409034	56.74812877	2426	0	0
770853	30.85747812	66.32102825	785	1	2
702536	29.73127396	61.34584865	1876	0	1
490425	32.49508816	64.75889843	1535	0	1
417939	30.3863825	61.82764782	2088	0	0
223922	27.61717835	66.15980426	2461	0	0
515390	27.52760901	65.14904808	1507	1	1
598347	28.78918695	61.98011682	1324	0	1
642570	31.4635116	66.94596731	1904	0	1
491323	29.47351035	60.34811879	1724	1	1
557741	29.08684553	59.06803869	1679	1	1
560240	29.64067003	66.93962103	1873	1	1
1036870	30.18015452	64.45096678	917	1	2
514860	29.4170748	55.54045722	1157	0	1
994140	31.14355546	62.68904547	1254	1	2
119007	28.72255263	59.88269765	2274	0	0
371773	28.16817758	64.57484134	2316	0	0
162548	29.42343923	59.55309423	1942	0	0
311838	30.77224546	55.31949558	2359	0	0
1065005	31.8540401	59.77638401	740	1	2
654634	30.05750055	61.33570702	1904	1	1
366097	30.23600843	53.93530411	2102	0	0
603810	29.76552911	62.9402415	1775	1	1
595349	29.68084049	62.55137394	1753	0	1
836032	29.60092348	68.60031514	876	1	2
766341	32.11892858	61.56710197	865	1	2
463931	29.75376563	55.58316817	1155	0	1
782900	30.13727516	63.33633618	660	1	2
671932	29.26720011	60.43712418	1643	1	1
738486	28.61081311	59.09564136	1204	0	1
601452	28.99235236	52.70253541	1832	0	1
1063423	32.24638525	63.34531577	981	1	2
115674	29.66845743	63.73286802	2198	0	0
837573	30.63627339	62.5004868	1171	1	2
868037	31.05606411	64.35995243	302	1	2
992343	30.38109907	74.57773898	719	1	2
190313	27.95570716	60.37795653	2082	0	0
1029883	31.30637629	61.28241933	1834	1	2
795770	31.36788735	62.35849509	1017	1	2
644114	29.85903073	60.33240822	1679	0	1
678484	29.65418955	53.29368072	1281	0	1
1005447	31.5514577	75.2507773	435	1	2
536891	30.76044043	61.69811951	1592	0	1
218438	27.80519893	63.55305531	1854	0	0
388625	29.79350592	62.04250513	2067	0	0
773466	32.02177833	66.97867944	1146	1	2
156442	28.16248298	62.73321259	2533	0	0
866624	30.44395839	63.64943229	1492	1	2
386302	27.90136151	56.4492282	2437	0	0
956415	33.16864264	59.97864758	1597	1	2
337399	29.23285444	62.97801478	2407	0	0
706368	30.23029932	46.51070569	1640	0	1
359583	28.91361474	55.8064896	2535	1	0
251107	28.28762243	57.09185741	2417	0	0
220685	28.07494152	60.97376052	2273	0	0
728901	29.85090356	57.13080539	1547	0	1
555170	30.43962234	64.57189917	1942	1	1
822192	31.93864705	67.33571195	719	1	2
171543	27.24966247	56.81192801	2217	1	0
593855	30.51928173	57.35727542	1701	1	1
182002	29.09468053	61.57923579	2312	1	0
882256	31.12322768	66.7817274	1542	1	2
989463	28.84897452	60.54325191	200	1	2
852210	29.00042691	60.1106375	978	1	2
655452	28.77759759	62.40342783	1528	0	1
670179	27.94438067	63.78665729	1968	0	1
926631	30.34108706	66.97682516	1198	0	2
673172	28.30110412	60.71432473	1552	0	1
256300	29.05434816	65.67844432	2553	1	0
1090825	29.7487613	68.47220113	1267	1	2
687270	29.84337436	64.49809705	1103	0	1
698525	30.06937427	59.22008844	1833	0	1
1089671	30.60154319	66.19883584	423	1	2
927688	31.04600317	59.51658096	387	1	2
803585	31.12981872	72.11319482	200	1	2
295291	30.04494452	59.57887501	2535	0	0
969258	29.41851837	68.9974984	1847	1	2
1022416	31.91387837	65.96343718	931	1	2
712230	27.1466735	56.6468444	1503	1	1
287089	28.87426582	58.13150777	2188	0	0
166188	27.32666763	57.60043138	2115	0	0
349746	27.70822904	56.72598679	2141	0	0
922082	31.10043726	69.00935393	1035	1	2
443686	28.51773645	59.06019092	2258	0	0
831251	32.21455696	60.29048991	1883	1	2
404057	29.08733785	60.79784759	2214	0	0
1038982	30.21905691	63.37238087	1519	1	2
446692	29.38258732	66.7234654	1497	1	1
480198	29.08353062	59.90438043	1513	1	1
322786	28.99978592	58.02560351	2426	1	0
598910	29.82029353	65.46249946	1792	1	1
153143	28.88562474	62.89235735	2532	0	0
141377	27.93352219	54.91363594	2195	0	0
374447	30.00956823	57.3347042	2278	0	0
493433	29.58229632	64.56171485	1570	1	1
309653	30.04648928	56.81977034	1885	0	0
188905	30.35201428	64.84528744	2040	0	0
906913	32.28647686	66.36491811	790	0	2
904264	31.56519756	61.71303179	1507	0	2
148676	29.21620197	60.11719284	2523	0	0
447719	29.80888528	69.23269186	1772	1	1
520912	29.36305943	62.81087763	1190	1	1
914830	31.43958213	62.70996812	1219	1	2
240222	28.86402361	57.46347893	2233	0	0
198775	28.63581621	62.26761893	2394	0	0
1080475	31.09426206	66.95222661	1160	1	2
876800	30.14166231	58.35738548	1397	1	2
571974	28.4283619	63.90084837	2004	1	1
888655	29.75149911	65.2455277	1382	1	2
235973	26.81946048	61.65818318	2548	0	0
588451	29.41737869	59.8092952	1728	0	1
549174	29.85512921	63.46624289	1501	1	1
1082324	31.88391279	65.31722979	557	1	2
833686	32.92211776	58.78264078	216	1	2
136140	27.32450729	57.91654531	2155	1	0
320666	27.50958181	57.43416137	2464	0	0
741485	28.78034096	65.19735223	1475	1	1
375634	30.06792571	57.3606547	2203	0	0
390698	28.77561512	61.30321292	2407	0	0
680827	30.5031195	49.69728159	1505	1	1
444889	30.55812861	66.4638159	1944	0	1
394278	27.90541474	54.32465458	2379	0	0
768763	32.76885719	60.15176441	663	1	2
965873	30.73712361	64.28312581	504	1	2
971567	29.62543756	69.93413777	1409	1	2
924059	32.06388613	62.70671778	576	1	2
186164	27.10793169	63.59321403	2311	0	0
427646	29.14072483	61.49536411	2473	1	0
925299	29.94071685	56.27962668	958	1	2
379140	28.44271189	59.39486031	2539	0	0
318612	28.02019561	56.28171979	2296	1	0
1014475	33.47487948	63.91885071	833	1	2
315496	28.34676067	60.9275423	2157	0	0
637397	29.23997303	67.93240947	1358	1	1
627622	30.22693197	60.48618224	1266	0	1
920700	30.00652288	64.83014968	740	1	2
743922	31.4022037	62.76999814	1564	0	1
187481	27.97184375	65.14450463	2387	0	0
167054	28.23847366	63.0711993	2683	0	0
1018443	30.83093134	57.72315121	1064	1	2
614188	28.65964512	62.95003638	1475	0	1
880411	31.65557496	68.29323272	1442	1	2
256821	28.59607278	55.68544518	2085	0	0
818811	30.92237636	60.61418443	1337	1	2
958293	29.42008656	66.56392195	806	1	2
219749	30.04947452	57.15651885	2048	0	0
413957	28.277855	63.31990402	2118	0	0
943469	30.61905755	63.30018301	960	1	2
1086412	30.51906428	66.7561396	1695	1	2
680080	28.82423901	61.1033409	1740	1	1
486243	29.09537003	64.80795014	1583	1	1
165419	29.10954733	59.13749805	1990	0	0
554232	29.34484043	54.20769135	1312	0	1
247435	29.59531943	57.95354126	2450	0	0
177840	28.0672042	63.45368913	2488	0	0
